Q5 Greedy Linear Curve Fit: 
Slope = 6.94623465028e-09
Intercept = 9.34114976624e-06


Q5 DP Linear Curve Fit: 
Slope = 2.9764856771e-06
Intercept = -0.002203071378


Q5 Slow Exponential Curve Fit: 
y = a*e^(b*x) + c 
a = 0.000124969541541
b = 0.180924856669
c = -0.00119354551632


